@relation iris
@attribute	None	real	[0.07409130808513964,14.737840496754794]
@attribute	None	real	[0.05807688824393531,14.962977574455014]
@attribute class {1, 2, 3}
@inputs	None	None	
@outputs class
@data
2.2320677981047865	3.602985774890581	1.0	
3.4850110667309635	2.6942933065518826	1.0	
3.707948563062453	0.5554876973753536	1.0	
2.066786962689344	1.1453195068885087	1.0	
2.8388979561040637	3.0834390157827607	1.0	
0.7956670660924531	3.712724316487491	1.0	
1.2475986900076825	3.333709626583163	1.0	
3.572123898702216	2.6499332930764212	1.0	
3.3608518047072344	3.368202187658686	1.0	
1.2103080125048864	2.6907625390880057	1.0	
2.442685813322284	0.2889223325656487	1.0	
2.7370327047027447	0.7269717888268118	1.0	
4.908456945258978	4.755662662823968	1.0	
3.2902323418161306	0.05807688824393531	1.0	
3.9795299705653404	3.7184101319983287	1.0	
1.1561577814269863	1.3150611794104883	1.0	
2.352893175034275	4.244145626232491	1.0	
2.220818350940367	0.3108708751753564	1.0	
2.98403872953455	2.9527392880262915	1.0	
1.262239143305735	3.4084400496017264	1.0	
5.524947048618823	4.909238606793453	2.0	
6.1633612568457234	1.3708687874755954	2.0	
7.284824090389792	4.714103948145975	2.0	
6.888546953782131	1.8111624198345493	2.0	
8.741965815905413	2.738726667857006	2.0	
6.9123314549177	0.680799423622328	2.0	
8.453734285907029	0.7508331181221123	2.0	
9.68167620656938	2.099741165735437	2.0	
7.9256256572671155	4.844731897707021	2.0	
7.865493377834971	0.6057078920062992	2.0	
5.841811238603477	1.8100069226769189	2.0	
9.993891665538662	0.772775534799921	2.0	
5.20456096102555	2.9335847408963485	2.0	
7.615287566329773	1.6942702063721864	2.0	
8.388405633397992	1.653129488450673	2.0	
6.875595613904704	1.5243068104274982	2.0	
6.899582147651086	12.251924639734028	3.0	
6.722261961654251	12.116796610215038	3.0	
6.810212956153158	12.820961423360018	3.0	
6.530993444554313	12.465709191131165	3.0	
6.816067438414297	12.536287089103189	3.0	
6.787554308218264	12.862525235323487	3.0	
6.914957227290579	12.428600460664986	3.0	
6.594671154650018	12.16781778540538	3.0	
11.139980785027095	4.304071464790104	2.0	
13.348781116072434	4.047980422354114	2.0	
11.552499065985229	3.4377750954385244	2.0	
10.807988493827747	3.6375163364130287	2.0	
13.883006025735195	0.8476142450807578	2.0	
14.704474261723064	0.5093909754854581	2.0	
14.737840496754794	1.506186792958678	2.0	
14.603033192009288	4.808807833883134	2.0	
13.345198345940595	1.1038774763329	2.0	
13.082482790469584	4.57897237688749	2.0	
11.750454600986869	1.576127064097939	2.0	
11.467404914034404	3.0802536777083906	2.0	
10.712541612761873	4.194318230064153	2.0	
11.962433617878403	4.491598141726911	2.0	
11.566820455877025	2.8710285508704536	2.0	
0.4287525609264137	7.311496803436668	2.0	
0.7050032483788804	8.813768925110494	2.0	
3.3532261853866387	9.291397615365835	2.0	
0.5372068560663562	8.98978880439296	2.0	
2.3750033483907966	7.409285190827189	2.0	
1.8096402429633822	6.804503684361549	2.0	
0.5561130714524393	7.206547528487649	2.0	
2.9207558733957684	9.000818176993821	2.0	
1.4784028932518596	7.296791721459142	2.0	
1.353651549348815	7.470414764500957	2.0	
0.9999804789888977	8.119434176760901	2.0	
2.9947579119315773	6.484954132001239	2.0	
4.667374916040104	6.0500678507761325	2.0	
2.053576019550689	6.174919527214679	2.0	
0.16345739291409256	5.709072670010312	2.0	
2.3290869601558	6.052521870644853	2.0	
1.4495441826795092	5.883158204464685	2.0	
1.7549844791892983	6.20516082204499	2.0	
0.1249478281449401	9.408287323559119	2.0	
2.667642724390558	8.448382852869138	2.0	
1.3161609503172744	8.40385286767092	2.0	
3.9358646981448193	5.32446427880936	2.0	
0.7110693654803002	9.166869611345417	2.0	
2.8127164935797877	8.443103421347857	2.0	
1.3779805470831015	6.884255396385113	2.0	
1.4592622456755189	6.0269264776370095	2.0	
7.3788481265756385	5.744486491296033	3.0	
5.938723418253279	9.954614638114606	3.0	
8.429441512099409	8.083595718363336	3.0	
5.336616568779624	9.99672430591959	3.0	
8.437310739052544	7.651142997014127	3.0	
7.828462946895327	7.46648885332846	3.0	
8.283497202844995	8.438904121634119	3.0	
8.903189384606467	8.895010737920337	3.0	
8.557481410275374	6.4698199052236625	3.0	
8.700784238686666	6.9689468192279005	3.0	
5.443735124255472	9.248049986328228	3.0	
8.036653896660894	8.415159875440635	3.0	
9.238183355904189	7.954185380401048	3.0	
5.504051525639237	5.636019296180022	3.0	
5.301599411947565	7.8145260750406615	3.0	
7.615177313980504	9.927235879337196	3.0	
5.608876878984955	5.4679661012643	3.0	
9.915421930704868	6.881867533472403	3.0	
7.124715577175275	7.0513511261725	3.0	
11.921588693334554	9.852410345100544	3.0	
11.299300539335862	7.420209003589653	3.0	
12.487351770621226	6.8972785634637415	3.0	
11.466160597466494	6.144651817515491	3.0	
13.034014500781534	9.482344539197822	3.0	
0.07409130808513964	10.867611645445153	3.0	
4.057788989582222	10.148828490130196	3.0	
2.328198301853882	10.732044634344577	3.0	
1.1862594236838098	11.076839608647706	3.0	
2.6992124198649403	10.334055939144392	3.0	
1.6121941801240474	11.225919286994165	3.0	
4.8728684474043575	13.813021402443082	3.0	
3.942125385268586	12.549353704160303	3.0	
6.908854221140349	13.95586840087958	1.0	
8.721554454260533	14.962977574455014	1.0	
5.449201101540176	13.108704926526174	1.0	
5.342136752513957	13.308085572632974	1.0	
6.905816513354237	11.599227948457804	1.0	
5.352977439695157	11.027509959585773	1.0	
5.911444262626709	10.492300296866425	1.0	
9.909345466676386	13.473881393309586	1.0	
5.618013356022945	12.395672651503505	1.0	
11.23662716084506	2.246343406796374	1.0	
11.159686101956648	2.0338499803267647	1.0	
11.518821447670856	2.311854737019819	1.0	
11.044432888395011	2.343635254116237	1.0	
11.474632544000105	2.376736851126285	1.0	
11.770498995102454	2.428337875331318	1.0	
11.061321755572076	2.129900000715144	1.0	
11.685366764053098	2.3994900155687025	1.0	
11.264756323680787	2.4308458419410215	1.0	
13.802102232331393	13.732506552890683	1.0	
14.533544278686762	12.881235162169641	1.0	
10.2501728024287	11.175241641891889	1.0	
12.596711147894602	12.517024452784248	1.0	
11.887868812143502	13.80610945824124	1.0	
11.755230094275824	10.2915069327651	1.0	
12.162571177704159	10.355690357893671	1.0	
10.319706055788078	12.566814798694757	1.0	
10.126946364115879	11.36604622386721	1.0	
12.7103813422593	10.508173785336211	1.0	
11.023918338788878	10.677521279597043	1.0	
12.288653693549172	10.81764791651555	1.0	
11.405927226546819	11.218843900629649	1.0	
14.305900709910851	12.542324275315732	1.0	
13.218447756799625	14.680776574136011	1.0	
11.721370604497933	10.880986248778358	1.0	
12.447017265294935	12.99155214753289	1.0	
14.553975488939468	11.063158967835314	1.0	
11.227675627292138	14.659708953294517	1.0	
13.220729556293758	14.55028256069571	1.0	
12.498013418981191	14.694238686982413	1.0	
