@relation iris
@attribute	feature1	real	[0.6451377471495845,14.092611252571169]
@attribute	feature2	real	[0.3135825163207412,13.838169697157067]
@attribute class {1, 2, 3}
@inputs	feature1	feature2	
@outputs class
@data
4.244280031944935	2.5761389538978996	1.0	
2.404037557314525	4.189144521622505	1.0	
2.7077638349160353	2.8795535953124665	1.0	
1.7660806833714053	2.6315782508365086	1.0	
1.2070866832351772	4.426711758644674	1.0	
5.0488703872686465	4.608569845708146	2.0	
5.396631702957849	3.743716134816389	2.0	
6.872389348046172	0.3135825163207412	2.0	
7.179097026332602	0.5328723690317172	2.0	
6.290311919489007	12.38942145598244	3.0	
6.992413908616275	12.312483041845962	3.0	
6.5447682596532015	12.260222372527535	3.0	
13.230566698621498	3.6194286633150274	2.0	
14.092611252571169	3.680863012574095	2.0	
12.937469430718068	4.515580586017185	2.0	
2.490116367058502	5.037732478513297	2.0	
4.8786458664927475	5.819012891625585	2.0	
2.8960354070694576	8.39201922172509	2.0	
1.321077531898034	5.058788216751228	2.0	
1.4961360649824262	7.518717470890168	2.0	
2.5573878090972135	6.4084430841741415	2.0	
0.6451377471495845	6.758103589789058	2.0	
5.652244600857418	9.911998654509006	3.0	
6.383212466015797	8.837073183811684	3.0	
7.71789220286136	8.14920353779144	3.0	
6.009514971651162	7.595507556733742	3.0	
10.090749626914283	8.088047870378503	3.0	
10.830439956752684	9.072206006938451	3.0	
0.7566993571213865	12.217424207274656	3.0	
0.731480181638996	11.37397975573375	3.0	
5.938918065727718	10.0290866106871	1.0	
5.589846381895091	10.20989561233615	1.0	
11.4968623228956	2.9257473533954585	1.0	
11.18195855900934	2.3554669110102373	1.0	
13.760957411132223	13.458742403049053	1.0	
12.0039390915756	13.113972205437527	1.0	
10.686395903510965	13.661743478106914	1.0	
11.971270713248085	13.838169697157067	1.0	
10.12650054552324	11.536164186872156	1.0	
